IDObs	Human
1	2
2	1
3	1
4	1
5	0
6	3
7	0
8	0
9	0
10	0
11	1
12	0
13	0
14	0
15	0
16	1
17	3
18	0
19	2
20	1
21	4
22	4
23	3
24	1
25	6
26	2
27	2
28	1
29	0
30	0
31	0
32	2
33	0
34	3
35	0
36	0
37	3
38	2
39	6
40	2
41	2
42	4
43	0
44	0
45	3
46	4
47	3
48	6
49	0
50	5
51	7
52	5
53	5
54	1
55	5
56	3
57	1
58	10
59	10
60	5
61	1
62	0
63	0
64	5
65	1
66	1
67	2
68	0
69	2
70	1
71	1
72	3
73	3
74	1
75	1
76	0
77	2
78	0
79	1
80	0
81	1
82	1
83	1
84	2
85	2
86	2
87	2
88	3
89	3
90	1
91	1
92	2
93	3
94	7
95	30
96	3
97	2
98	2
99	1
100	2
101	3
102	0
103	2
104	2
105	3
106	3
107	0
108	3
109	1
110	7
111	2
112	6
113	1
114	0
115	2
116	2
117	0
118	2
119	2
120	0
121	0
122	0
123	0
124	0
125	5
126	1
127	2
128	2
129	2
130	0
131	0
132	3
133	3
134	0
135	0
136	0
137	0
138	0
139	0
140	0
141	0
142	0
143	0
144	2
145	0
146	0
147	0
148	0
149	1
150	1
151	3
152	4
153	4
154	0
155	2
156	0
157	2
158	1
159	0
160	1
161	2
168	0
169	0
170	0
171	2
172	7
173	3
174	3
175	0
176	2
177	3
178	2
179	2
180	1
181	3
182	3
183	3
184	46
185	0
186	0
187	3
188	3
189	3
190	2
191	0
192	2
193	0
194	3
195	0
196	3
197	0
198	0
199	1
200	2
201	0
202	0
203	0
204	0
205	1
206	0
207	2
208	1
209	0
210	0
211	5
212	0
213	0
214	4
215	0
216	0
217	11
218	6
219	7
220	3
221	9
222	7
223	9
224	6
225	2
226	4
227	4
228	7
229	5
230	0
231	1
232	0
233	2
234	4
235	0
236	0
237	8
238	3
239	1
240	3
241	7
242	2
243	4
244	6
245	1
246	0
247	0
248	0
249	0
250	0
251	0
252	1
253	4
254	0
255	0
256	4
257	1
258	6
259	5
260	3
261	6
262	6
263	3
264	2
265	1
266	3
267	5
268	4
269	0
270	0
271	0
272	0
273	0
274	1
275	5
276	7
277	0
278	4
279	2
280	9
281	0
282	0
283	0
284	0
285	5
286	5
287	4
288	12
289	4
290	2
291	2
292	4
293	0
294	2
295	6
296	2
297	2
298	7
299	1
300	1
301	1
302	0
303	2
304	2
305	5
306	9
307	0
308	5
309	1
310	1
311	1
312	0
313	0
314	0
315	1
316	0
317	0
318	0
319	0
320	1
321	1
322	7
323	2
324	0
325	0
326	0
327	0
328	8
329	4
330	0
331	0
332	4
333	3
334	6
335	3
336	0
337	4
338	8
339	1
340	8
341	7
342	21
343	2
344	2
345	2
346	10
347	6
348	3
349	0
350	0
357	1
358	2
359	1
360	1
361	1
362	0
363	0
364	0
365	0
366	2
367	0
368	5
369	10
370	0
371	0
372	0
373	0
374	0
375	3
376	3
377	3
378	3
379	3
380	3
381	3
382	3
383	1
384	0
385	0
386	0
387	0
388	1
389	1
390	0
391	1
392	0
393	0
394	0
395	0
396	0
397	0
398	0
399	0
400	6
401	0
402	0
403	1
404	0
405	0
406	0
407	3
408	2
409	4
410	0
411	0
412	0
413	0
414	0
415	0
416	0
417	1
418	0
419	0
420	6
421	0
422	0
423	0
424	0
425	0
426	20
427	0
428	0
429	15
430	18
431	18
432	18
433	17
434	4
435	0
436	0
437	0
438	0
439	0
440	0
441	0
442	0
443	0
444	0
445	0
446	2
447	3
448	0
449	0
450	0
451	2
452	2
453	2
454	0
455	0
456	0
457	0
458	0
459	0
460	0
461	0
462	0
463	2
464	2
465	2
466	2
467	3
468	3
469	3
470	3
471	0
472	0
473	0
474	12
475	12
476	0
477	0
478	0
479	1
480	0
481	0
482	1
483	1
484	0
485	0
486	0
487	5
488	4
489	1
490	3
491	0
492	0
493	15
494	0
495	4
496	2
497	8
498	8
499	5
500	3
501	3
502	3
503	4
504	4
505	5
506	0
507	0
508	6
509	4
510	7
511	7
512	0
513	0
514	0
515	0
516	0
517	0
518	4
519	6
520	6
521	3
522	3
523	2
524	2
525	0
526	0
527	3
528	2
529	4
530	5
531	0
532	0
533	0
534	0
535	0
536	0
537	0
538	0
539	0
540	2
541	1
542	0
543	0
544	2
545	2
546	0
547	0
604	0
605	0
606	1
607	0
608	2
609	2
610	2
611	0
612	0
613	1
614	3
615	0
616	0
617	2
618	2
619	0
620	0
621	0
622	0
623	0
624	2
625	2
626	2
627	0
628	0
629	0
630	1
631	1
632	0
633	0
634	0
635	0
636	0
637	0
638	2
639	2
640	0
641	0
642	0
643	0
644	0
645	0
646	2
647	2
648	2
649	0
713	10
714	2
715	2
716	2
717	2
718	2
719	2
720	2
721	2
722	2
723	2
724	2
725	2
726	2
727	2
728	2
729	2
730	2
731	2
732	2
733	2
734	2
735	2
736	2
737	2
738	2
739	2
740	2
741	2
742	2
743	4
744	4
745	4
746	4
747	4
748	4
749	4
750	4
751	6
752	6
753	10
754	10
755	10
756	10
757	10
758	10
759	0
760	0
761	0
762	0
763	1
764	1
765	1
766	1
767	1
768	1
769	1
770	1
771	1
772	1
773	1
774	1
775	1
776	1
777	1
778	6
779	6
780	6
781	6
782	1
783	1
784	1
785	1
786	1
787	1
788	1
789	1
790	3
791	3
792	3
793	3
794	1
795	1
796	1
797	1
798	1
799	0
800	0
801	0
802	0
803	0
804	0
805	2
806	2
807	4
808	4
809	4
810	4
811	5
812	5
813	5
814	5
815	5
816	3
817	3
818	3
819	3
820	3
821	3
822	3
823	3
824	3
825	3
826	3
827	3
828	3
829	3
830	3
831	3
832	3
833	3
834	3
835	3
836	3
837	3
838	3
839	3
840	3
841	3
842	3
843	3
844	3
845	3
846	3
847	1
848	1
849	1
850	1
851	1
852	1
853	1
854	1
855	1
856	2
857	2
858	2
859	2
860	3
861	3
862	3
863	3
864	3
865	3
866	3
867	3
868	3
869	1
870	1
871	1
872	1
873	1
874	0
875	0
876	0
877	0
878	0
879	0
880	0
881	0
882	24
883	24
884	9
885	31
886	24
887	24
888	24
889	16
890	16
891	16
892	16
893	16
894	16
895	6
896	6
897	6
898	6
899	6
900	6
901	6
902	6
903	6
904	6
905	6
906	6
907	6
908	6
909	6
910	0
911	0
912	0
913	0
914	1
915	1
916	1
917	1
918	4
919	4
920	4
921	4
922	4
923	4
924	4
925	4
926	4
927	4
928	4
929	4
930	4
931	4
932	4
933	4
934	4
935	4
936	4
937	4
938	4
939	4
940	5
941	5
942	5
943	5
944	5
945	5
946	5
947	2
948	2
949	2
950	2
951	2
952	2
953	2
954	2
955	2
956	2
957	2
958	2
959	2
960	5
961	5
962	5
963	5
964	5
965	5
966	5
967	5
968	5
969	5
970	2
971	2
972	2
973	2
974	19
975	19
976	19
977	19
978	19
979	19
980	14
981	14
982	14
983	14
984	14
985	14
986	14
987	14
988	14
989	14
990	14
991	14
992	14
993	14
994	14
995	16
996	16
997	16
998	16
999	16
1000	16
1001	16
1002	16
1003	16
1004	16
1005	16
1006	16
1007	16
1008	16
1009	7
1010	7
1011	7
1012	7
1013	7
1014	7
1015	7
1016	7
1017	7
1018	7
1019	7
1020	7
1021	7
1022	7
1023	7
1024	7
1025	12
1026	12
1027	12
1028	12
1029	12
1030	12
1031	13
1032	13
1033	13
1034	13
1035	13
1036	14
1037	14
1038	14
1039	14
1040	14
1041	14
1042	14
1043	17
1044	17
1045	17
1046	5
1047	5
1048	5
1049	5
1050	5
1051	5
1052	5
1053	12
1054	12
1055	12
1056	12
1057	7
1058	7
1059	7
1060	7
1061	7
1062	7
1063	7
1064	7
1065	7
1066	7
1067	7
1068	7
1069	7
1070	7
1071	11
1072	11
1073	11
1074	11
1075	11
1076	11
1077	11
1078	11
1079	11
1080	11
1081	11
1082	11
1083	11
1084	11
1085	11
1086	11
1087	11
1088	11
1089	11
1090	11
1091	11
1092	11
1093	11
1094	11
1095	9
1096	9
1097	9
1098	9
1099	9
1100	5
1101	5
1102	5
1103	5
1104	5
1105	5
1106	5
1107	20
1108	20
1109	20
1110	20
1111	20
1112	20
1113	20
1114	1
1115	1
1116	1
1117	1
1118	1
1119	1
1120	7
1121	7
1122	7
1123	11
1124	11
1125	11
1126	8
1127	8
1128	8
1129	8
1130	8
1131	8
1132	17
1133	17
1134	17
1135	17
1136	17
1137	17
1138	19
1139	19
1140	19
1141	15
1142	15
1143	15
1144	15
1145	15
1146	15
1147	0
1148	0
1149	0
1150	0
1151	3
1152	3
1153	3
1154	3
1155	3
1156	2
1157	2
1158	2
1159	2
1160	2
1161	2
1162	2
1163	2
1164	2
1165	2
1166	2
1167	7
1168	7
1169	7
1170	7
1171	7
1172	7
1173	7
1174	7
1175	7
1176	5
1177	5
1178	5
1179	16
1180	16
1181	16
1182	16
1183	5
1184	5
1185	5
1186	7
1187	7
1188	9
1189	9
1190	9
1191	9
1192	1
1193	1
1194	1
1195	1
1196	1
1197	1
1198	2
1199	2
1200	2
1201	2
1202	2
1203	2
1204	2
1205	2
1206	2
1207	2
1208	2
1209	2
1210	4
1211	4
1212	4
1213	4
1214	4
1215	1
1216	1
1217	1
1218	1
1219	1
1220	2
1221	2
1222	2
1223	2
1224	2
1225	2
1226	2
1227	3
1228	3
1229	3
1230	3
1231	3
1232	3
1233	3
1234	3
1235	3
1236	3
1237	3
1238	3
1239	3
1240	3
1241	3
1242	1
1243	1
1244	1
1245	1
1246	1
1247	1
1248	1
1249	1
1250	1
1251	1
1252	1
1253	1
1254	3
1255	3
1256	3
1257	3
1258	3
1259	3
1260	3
1261	3
1262	3
1263	3
1264	3
1265	3
1266	3
1267	3
1268	3
1269	3
1270	0
1271	0
1272	0
1273	0
1274	0
1275	0
1276	4
1277	4
1278	4
1279	4
1280	4
1281	4
1282	4
1283	4
1284	4
1285	1
1286	1
1287	1
1288	1
1289	1
1290	1
1291	1
1292	1
1293	1
1294	1
1295	1
1296	1
1297	1
1298	1
1299	1
1300	1
1301	1
1302	1
1303	2
1304	2
1305	2
1306	2
1307	2
1308	2
1309	2
1310	2
1311	2
1312	2
1313	2
1314	2
1315	7
1316	7
1317	7
1318	2
1319	7
1320	7
1321	7
1322	7
1323	7
1324	7
1325	7
1326	7
1327	6
1328	6
1329	6
1330	6
1331	6
1332	6
1333	7
1334	7
1335	7
1336	7
1337	7
1338	5
1339	5
1340	7
1341	7
1342	1
1343	1
1344	1
1345	1
1346	1
1347	25
1348	25
1349	25
1350	14
1351	14
1352	14
1353	14
1354	14
1355	14
1356	14
1357	14
1358	14
1359	14
1360	0
1361	0
1362	0
1363	0
1364	0
1365	0
1366	0
1367	0
1368	0
1369	0
1370	0
1371	0
1372	0
1373	0
1374	0
1375	1
1376	1
1377	1
1378	1
1379	1
1380	1
1381	1
1382	1
1383	1
1384	1
1385	1
1386	1
1387	3
1388	3
1389	3
1390	2
1391	2
1392	2
1393	1
1394	1
1395	1
1396	1
1397	1
1398	1
1399	1
1400	1
1401	0
1402	0
1403	0
1404	0
1405	0
1406	0
1407	0
1408	0
1409	0
1410	0
1411	0
1412	2
1413	2
1414	2
1415	2
1416	2
1417	2
1418	0
1419	0
1420	0
1421	0
1422	0
1423	2
1424	2
1425	2
1426	2
1427	2
1428	2
1429	2
1430	2
1431	2
1432	2
1433	2
1434	2
1435	2
1436	2
1437	2
1438	4
1439	4
1440	4
1441	4
1442	3
1443	3
1444	3
1445	3
1446	3
1447	3
1448	3
1449	3
1450	3
1451	3
1452	1
1453	1
1454	1
1455	1
1456	1
1457	1
1458	1
1459	2
1460	2
1461	2
1462	2
1463	2
1464	2
1465	2
1466	1
1467	1
1468	1
1469	1
1470	1
1471	1
1472	3
1473	3
1474	3
1475	3
1476	3
1477	3
1478	4
1479	4
1480	4
1481	4
1482	2
1483	2
1484	2
1485	6
1486	6
1487	6
1488	6
1489	4
1490	4
1491	4
1492	14
1493	14
1494	14
1495	14
1496	14
1497	14
1498	14
1499	17
1500	17
1501	17
1502	17
1503	17
1504	17
1505	14
1506	14
1507	14
1508	14
1509	14
1510	14
1511	14
1512	12
1513	12
1514	12
1515	12
1516	12
1517	12
1518	12
1519	12
1520	12
1521	12
1522	37
1523	37
1524	37
1525	37
1526	37
1527	37
1528	37
1529	37
1530	3
1531	3
1532	3
1533	1
1534	1
1535	1
1536	1
1537	0
1538	0
1539	0
1540	0
1541	0
1542	0
1543	1
1544	0
1545	0
1546	0
1547	0
1548	0
1549	0
1550	0
1551	0
1552	0
1553	0
1554	0
1555	0
1556	0
1557	0
1558	0
1559	0
1560	0
1561	4
1562	4
1563	4
1564	4
1565	4
1566	4
1567	4
1568	4
1569	4
1570	4
1571	4
1572	4
1573	4
1574	4
1575	4
1576	4
1577	4
1578	4
1579	4
1580	4
1581	5
1582	5
1583	3
1584	3
1585	3
1586	3
1587	10
1588	10
1589	10
1590	10
1591	10
1592	6
1593	6
1594	1
1595	1
1596	1
1597	1
1598	1
1599	1
1600	1
1601	1
1602	1
1603	0
1604	0
1605	0
1606	1
1607	1
1608	1
1609	1
1610	1
1611	1
1612	1
1613	1
1614	3
1615	3
1616	3
1617	2
1618	2
1619	2
1620	2
1621	2
1622	2
1623	2
1624	2
1625	2
1626	2
1627	2
1628	2
1629	2
1630	0
1631	0
1632	0
1633	1
1634	0
1635	0
1636	0
1637	0
1638	0
1639	0
1640	2
1641	3
1642	0
1643	1
1644	0
1645	0
1646	0
1647	1
1648	1
1649	1
1650	0
1651	0
1652	0
1653	1
1654	1
1655	0
1656	0
1657	0
1658	2
1659	2
1660	0
1662	3
1663	1
1664	0
1665	3
1666	1
1667	3
1668	3
1669	2
1670	1
1671	0
1672	0
1673	1
1674	1
1675	0
1676	0
1678	0
1679	2
1680	0
1681	0
1682	0
1683	1
1684	0
1685	1
1686	0
1687	0
1688	0
1689	0
1690	0
1691	0
1692	0
1694	0
1695	0
1696	1
1697	2
1698	0
1699	0
1700	0
1701	0
1702	0
1703	0
1704	0
1705	1
1706	3
1707	3
1708	2
1709	2
1710	4
1711	2
1712	2
1713	2
1714	2
1715	0
1716	2
1717	1
1718	0
1719	0
1720	0
1721	0
1722	1
1723	1
1724	1
1725	1
1726	0
1727	2
1728	1
1729	1
1730	2
1731	2
1732	2
1733	3
1734	0
1735	1
1736	2
1737	1
1738	1
1740	0
1741	0
1742	0
1743	0
1744	0
1745	0
1746	0
1747	1
1748	0
1749	0
1750	0
1751	0
1752	0
1753	0
1755	0
1756	1
1757	0
1758	0
1760	0
1761	1
1762	4
1763	1
1764	1
1765	0
1766	0
1767	0
1768	1
1769	0
1770	0
1771	0
1772	0
1773	0
1774	0
1775	0
1776	0
1777	0
1778	1
1779	0
1780	0
1781	0
1782	0
1783	0
1784	3
1785	1
1786	0
1787	3
1788	0
1789	0
1791	0
1792	0
1793	0
1794	3
1795	0
1796	0
1798	1
1799	2
1800	0
1801	0
1802	0
1803	1
1804	0
1805	0
1806	0
1807	0
1808	0
1809	0
1810	0
1811	0
1812	3
1813	0
1814	0
1815	0
1816	0
1817	0
1818	1
1819	1
1820	1
1821	0
1822	0
1823	0
1824	0
1825	0
1826	0
1827	0
1828	0
1829	1
1830	1
1831	1
1832	1
1833	1
1834	0
1835	0
1836	0
1837	0
1838	0
1839	0
1840	0
1841	0
1842	0
1843	2
1844	0
1846	0
1847	0
1848	0
1849	0
1850	0
1851	0
1852	0
1853	0
1854	0
1855	0
1856	0
1857	0
1858	0
1859	0
1860	0
1861	0
1862	0
1863	0
1864	0
1865	0
1866	0
1867	0
1868	0
1869	0
1870	0
1871	1
1872	0
1873	0
1874	0
1875	0
1876	1
1877	1
1878	1
1879	1
1880	0
1881	0
1882	0
1883	0
1884	0
1885	0
1886	0
1887	0
1888	0
1889	0
1890	0
1891	2
1892	2
1893	0
1894	0
1895	0
1896	0
1897	0
1898	0
1899	1
1900	0
1901	0
1902	0
1903	0
1904	0
1905	0
1906	0
1907	0
1908	6
1909	0
1910	1
1911	0
1912	0
1914	2
1915	0
1916	0
1917	0
1918	0
1919	0
1920	0
1921	0
1922	0
1923	0
1924	0
1925	0
1926	0
1927	0
1928	1
1929	1
1930	0
1931	0
1932	0
1933	0
1934	1
1935	1
1936	0
1937	0
1938	0
1939	0
1940	0
1941	0
1942	0
1943	0
1944	0
1945	0
1946	2
1947	0
1948	0
1949	1
1950	0
1951	0
1952	0
1953	0
1954	0
1955	0
1956	0
1957	0
1958	0
1959	0
1960	0
1961	2
1962	0
1963	0
1964	0
1965	0
1966	0
1967	0
1968	1
1969	0
1970	0
1971	1
1972	2
1973	1
1974	0
1975	0
1976	0
1977	0
1978	0
1979	0
1980	0
1981	0
1982	1
1983	1
1984	0
1985	0
1986	0
1987	0
1988	0
1989	0
1990	0
1991	0
1992	0
1993	0
1994	2
1995	2
1996	0
1997	0
1998	0
1999	0
2000	0
2001	0
2002	2
2003	2
2004	3
2005	2
2006	1
2007	0
2008	0
2009	0
2010	0
2011	0
2012	0
2013	0
2014	0
2015	0
2016	0
2017	1
2018	0
2020	1
2021	0
2022	0
2023	0
2024	0
2025	0
2026	0
2027	0
2028	0
2029	0
2030	0
2031	0
2032	0
2033	0
2034	0
2035	0
2036	0
2037	2
2038	2
2039	0
2040	0
2041	0
2042	0
2043	0
2044	0
2045	0
2046	0
2047	0
2048	0
2049	0
2050	0
2051	0
2052	0
2053	0
2054	1
2055	0
2056	0
2057	1
2058	0
2059	0
2060	0
2061	2
2062	0
2063	0
2064	0
2065	0
2066	0
2067	0
2068	0
2069	1
2070	0
2071	0
2072	0
2073	4
2074	0
2075	0
2076	1
2077	0
2078	0
2079	0
2080	0
2081	0
2082	0
2083	2
2084	2
2085	0
2086	0
2087	0
2088	0
2089	0
2090	0
2091	1
2092	0
2093	0
2094	0
2095	0
2096	0
2097	1
2098	0
2099	0
2100	0
2101	0
2102	0
2103	0
2104	0
2105	0
2106	0
2107	0
2108	0
2109	0
2110	0
2111	0
2112	0
2113	0
2114	0
2115	0
2116	0
2117	0
2118	1
2119	0
2120	2
2121	0
2122	0
2123	0
2124	0
2125	0
2126	0
2127	2
2128	1
2129	1
2130	1
2131	1
2132	1
2133	1
2134	1
2135	1
2136	1
2137	1
2138	1
2139	1
2140	1
2141	2
2142	1
2143	1
2144	1
2145	1
2146	1
2147	1
2148	1
2149	1
2150	1
2151	3
2152	1
2153	1
2154	1
2155	1
2156	1
2157	1
2158	1
2159	1
2160	1
2161	1
2162	2
2163	1
2164	1
2165	1
2166	1
2167	1
2168	2
2169	1
2170	1
2171	1
2172	1
2173	1
2174	1
2175	1
2176	1
2177	2
2178	2
2179	1
2180	1
2181	0
2182	2
2183	0
2184	0
2185	0
2186	0
2187	0
2188	0
2189	0
2190	0
2191	1
2192	2
2193	0
2194	2
2195	0
2197	0
2198	0
2199	1
2200	0
2201	0
2202	0
2203	0
2204	0
2205	0
2206	2
2207	0
2209	2
2210	0
2211	0
2212	0
2213	0
2214	2
2215	0
2216	0
2217	0
2218	0
2219	1
2220	0
2221	0
2222	0
2223	0
2224	0
2225	0
2226	0
2227	1
2228	1
2229	0
2230	0
2232	0
2233	0
2235	0
2236	0
2237	2
2238	2
2239	0
2240	0
2241	0
2242	2
2243	2
2244	2
2245	3
2246	2
2247	2
2248	2
2249	0
2250	2
2251	2
2252	2
2253	2
2254	2
2255	0
2256	0
2257	2
2258	0
2259	0
2260	0
2261	2
2262	0
2263	0
2264	0
2265	0
2266	0
2267	0
2268	0
2269	0
2270	0
2271	3
2272	0
2273	0
2274	0
2275	0
2276	0
2277	1
2278	3
2279	2
2280	4
2281	0
2282	0
2283	0
2284	0
2285	2
2286	0
2287	0
2288	2
2289	2
2290	0
2291	2
2292	0
2293	0
2294	0
2295	0
2296	0
2297	1
2298	0
2299	0
2300	0
2301	0
2302	0
2303	0
2304	0
2305	0
2306	1
2307	3
2308	0
2309	0
2310	0
2311	2
2312	0
2313	2
2314	4
2315	5
2316	1
2317	1
2318	1
2319	0
2320	0
2321	0
2322	1
2323	1
2324	0
2325	0
2326	0
2327	0
2328	0
2329	3
2330	0
2331	1
2332	0
2333	2
2334	2
2335	3
2336	1
2337	0
2338	0
2339	2
2340	0
2341	0
2342	1
2344	0
2345	0
2346	0
2347	1
2348	2
2349	0
2350	0
2351	0
2352	0
2353	3
2354	0
2355	3
2356	0
2357	3
2358	2
2359	1
2360	1
2361	0
2362	0
2363	0
2364	0
2365	3
2366	3
2367	2
2368	0
2369	2
2370	0
2371	0
2372	0
2373	0
2374	1
2375	1
2376	1
2377	0
2378	1
2379	0
2380	0
2381	0
2382	0
2383	1
2384	1
2385	0
2386	3
2387	0
2388	2
2389	1
2390	2
2391	0
2392	0
2393	3
2394	0
2395	1
2396	0
2397	3
2398	0
2399	1
2400	2
2401	2
2402	4
2403	0
2404	2
2405	2
2406	7
2407	0
2408	0
2409	2
2410	0
2411	0
2412	1
2413	0
2414	0
2415	2
2416	2
2417	2
2418	1
2419	0
2420	1
2421	0
2422	1
2423	1
2424	0
2425	0
2426	0
2427	3
2428	3
2429	0
2430	0
2431	0
2432	1
2433	0
2434	0
2435	1
2436	0
2437	0
2438	0
2439	1
2440	0
2441	0
2442	3
2443	3
2444	2
2445	0
2446	0
2447	1
2448	1
2449	2
2450	0
2451	3
2452	0
2453	2
2454	3
2455	5
2456	2
2457	1
2458	6
2459	0
2460	0
2461	0
2462	0
2463	1
2464	0
2465	2
2466	2
2467	1
2468	0
2469	0
2470	0
2471	0
2472	0
2473	0
2474	0
2475	0
2476	0
2477	0
2478	0
2479	2
2480	0
2481	0
2482	2
2483	0
2484	0
2485	1
2486	0
2487	0
2488	4
2489	4
2490	0
2491	1
2492	2
2493	0
2494	4
2495	1
2496	0
2497	0
2498	0
2499	0
2500	0
2501	0
2502	1
2503	0
2504	0
2505	1
2506	1
2507	0
2508	2
2509	2
2510	0
2511	1
2512	0
2513	0
2514	1
2515	0
2516	0
2517	0
2518	0
2519	0
2520	2
2521	2
2522	1
2523	0
2524	10
2525	10
2526	0
2527	3
2528	0
2529	0
2530	0
2531	1
2532	0
2533	2
2534	0
2535	1
2536	0
2537	1
2538	1
2539	1
2540	1
2541	0
2542	0
2543	0
2544	0
2545	0
2546	3
2547	2
2548	0
2549	0
2550	0
2551	0
2552	2
2553	1
2554	1
2555	2
2556	0
2557	0
2558	0
2559	0
2560	0
2561	0
2562	0
2563	0
2564	0
2565	1
2566	1
2567	3
2568	0
2569	1
2570	0
2571	1
2572	0
2573	1
2574	2
2575	0
2576	1
2577	1
2578	0
2579	0
2580	2
2581	0
2582	0
2583	0
2584	2
2585	0
2586	0
2587	1
2588	2
2589	0
2590	2
2591	0
2592	11
2593	2
2594	2
2595	4
2596	1
2597	2
2598	1
2599	1
2600	2
2601	0
2602	1
2603	1
2604	0
2605	1
2606	0
2607	0
2608	1
2609	0
2610	0
2611	0
2612	1
2613	4
2614	4
2615	1
2616	0
2617	6
2618	3
2619	2
2620	0
2621	1
2622	1
2623	2
2624	1
2625	1
2626	2
2627	1
2628	0
2629	3
2630	0
2631	1
2632	3
2633	0
2634	0
2635	1
2636	2
2637	3
2638	0
2639	1
2640	1
2641	0
2642	0
2643	0
2644	2
2645	1
2646	3
2647	1
2648	3
2649	5
2650	6
2651	6
2652	1
2653	1
2654	1
2655	1
2656	1
2657	2
2658	0
2659	0
2660	0
2661	2
2662	0
2663	1
2664	4
2665	2
2666	1
2667	2
2668	2
2669	0
2670	0
2671	0
2672	0
2673	2
2674	2
2675	3
2676	1
2677	1
2678	0
2679	0
2680	5
2681	2
2682	2
2683	0
2684	3
2685	1
2686	0
2687	1
2688	2
2689	1
2690	0
2691	0
2692	3
2693	2
2694	0
2695	0
2696	0
2697	0
2698	1
2699	0
2700	0
2701	0
2702	0
2703	1
2704	0
2705	5
2706	2
2707	0
2708	1
2709	0
2710	0
2711	3
2712	2
2713	0
2714	0
2715	0
2716	0
2717	1
2718	3
2719	0
2720	0
2721	0
2722	2
2723	1
2724	0
2725	0
2726	0
2727	0
2728	0
2729	0
2730	0
2731	0
2732	0
2733	0
2734	0
2735	0
2736	0
2737	0
2738	0
2739	0
2740	0
2741	0
2742	1
2743	0
2744	0
2745	0
2746	0
2747	2
2748	0
2749	0
2750	0
2751	0
2752	3
2753	0
2754	0
2755	1
2756	1
2757	0
2758	0
2759	0
2760	0
2761	0
2762	2
2763	1
2764	0
2765	0
2766	2
2767	1
2768	1
2769	2
2770	1
2771	0
2772	0
2773	0
2774	2
2775	0
2777	0
2778	1
2779	1
2780	0
2781	1
2782	0
2783	5
2784	5
2785	5
2786	0
2788	0
2789	0
2790	0
2791	0
2792	0
2793	4
2794	2
2795	1
2796	4
2797	1
2798	0
2799	0
2800	1
2801	0
2802	2
2803	0
2804	2
2805	2
2806	2
2807	0
2808	1
2809	0
2810	0
2811	0
2813	0
2814	0
2815	0
2816	0
2817	0
2818	0
2819	0
2820	3
2821	1
2822	0
2823	0
2824	0
2825	0
2826	0
2827	0
2828	1
2829	2
2830	2
2831	2
2832	0
2833	0
2834	0
2835	0
2836	2
2837	1
2838	3
2839	2
2840	16
2841	0
2842	0
2843	0
2844	0
2845	0
2846	0
2847	0
2848	0
2849	1
2850	3
2851	1
2852	0
2853	0
2854	4
2855	4
2856	3
2857	2
2858	0
2859	0
2860	1
2861	0
2862	0
2863	0
2864	2
2865	0
2866	0
2867	1
2868	0
2869	2
2870	2
2871	2
2872	0
2873	0
2874	0
2875	0
2876	0
2877	0
2878	0
2879	0
2880	2
2881	0
2882	0
2883	0
2884	0
2885	0
2886	0
2887	1
2888	4
2889	1
2890	1
2891	1
2892	1
2893	2
2894	0
2895	3
2896	0
2897	0
2898	3
2899	0
2900	0
2901	0
2902	1
2903	1
2904	1
2905	1
2906	0
2907	0
2908	0
2909	0
2910	0
2911	1
2912	0
2913	2
2914	3
2915	1
2916	2
2917	1
2918	0
2919	2
2920	2
2921	2
2922	2
2923	2
2924	0
2925	2
2926	2
2927	1
2928	2
2929	0
2930	1
2931	0
2932	1
2933	1
2934	0
2935	1
2936	1
2937	0
2938	0
2939	0
2940	1
2941	4
2942	4
2943	1
2944	0
2945	4
2946	2
2947	1
2948	0
2949	2
2950	1
2951	1
2952	0
2953	0
2954	2
2955	0
2956	1
2957	0
2958	0
2959	1
2960	1
2961	1
2962	0
2963	1
2964	0
2965	0
2966	2
2967	0
2968	0
2969	0
2970	0
2971	1
2972	0
2973	0
2974	0
2975	0
2976	1
2977	0
2978	0
2979	4
2980	0
2981	0
2982	1
2983	2
2984	0
2985	2
2986	1
2987	0
2988	1
2989	0
2990	0
2991	0
2992	1
2993	0
2994	0
2995	1
2996	1
2997	0
2998	2
2999	1
3000	0
3001	0
3002	2
3003	0
3004	4
3005	0
3006	0
3007	2
3008	0
3009	4
3010	4
3011	8
3012	3
3013	0
3014	0
3015	0
3016	0
3017	0
3018	0
3019	0
3020	0
3021	2
3022	0
3023	0
3024	0
3025	0
3026	4
3027	0
3028	3
3029	4
3030	1
3031	4
3032	2
3033	2
3034	2
3035	1
3036	1
3037	6
3038	2
3039	2
3040	4
3041	1
3042	4
3043	4
3044	2
3045	4
3046	1
3047	1
3048	1
3049	2
3050	3
3051	4
3052	1
3053	1
3054	1
3055	1
3056	2
3057	1
3058	2
3059	1
3060	1
3061	1
3062	1
3063	1
3064	3
3065	4
3066	1
3067	2
3068	1
3069	3
3070	1
3071	3
3072	1
3073	4
3074	1
3075	2
3076	1
3077	3
3078	1
3079	2
3080	1
3081	2
3082	3
3083	1
3084	1
3085	1
3086	2
3087	1
3088	1
3089	2
3090	1
3091	5
3092	1
3093	3
3094	2
3095	1
3096	1
3097	2
3098	2
3099	1
3100	1
3101	3
3102	2
3103	2
3104	1
3105	
3106	
3107	
3108	
3109	
3110	
3111	
3112	
3113	
3114	
3115	
3116	
3117	
3118	
3119	
3120	
3121	
3122	
3123	
3124	
3126	
3127	
3128	
3129	
3130	
3131	
3132	
3133	
3134	
3135	
3136	
3137	
3138	
3139	
3140	
3141	
3142	
3143	
3144	
3145	
3146	
3147	
3148	
3149	
3150	
3151	
3152	
3153	
3154	
3155	
3156	
3157	
3158	
3159	
3160	
3161	
3162	
3163	
3164	
3165	
3166	
3167	
3168	
3169	
3170	
3171	
3172	
3173	
3174	
3175	
3176	
3177	
3178	
3179	
3180	
3181	
3182	
3183	
3184	
3185	
3186	
3187	
3188	
3189	
3190	
3191	
3192	
3193	
3194	
3195	
3196	
3197	
3198	
3199	
3200	
3201	
3202	
3203	
3204	
3205	
3206	
3207	
3208	
3209	
3210	
3211	
3212	
3213	
3214	
3215	
3216	
3217	
3218	
3219	
3220	
3221	
3222	
3223	
3224	
3225	
3226	
3227	
3228	
3229	
3230	
3231	
3232	
3233	
3234	
3235	
3236	
3237	
3238	
3239	
3240	
3241	
3242	
3243	
3244	50
3245	50
3246	50
3247	50
3248	50
3249	50
3250	50
3251	50
3252	50
3253	3
3254	3
3255	3
3256	3
3257	3
3258	3
3259	3
3260	3
3261	3
3262	3
3263	3
3264	70
3265	70
3266	70
3267	70
3268	70
3269	70
3270	70
3271	70
3272	4
3273	4
3274	4
3275	5
3276	5
3277	2
3278	2
3279	2
3280	2
3281	10
3282	10
3283	10
3284	10
3285	10
3286	10
3287	10
3288	10
3289	5
3290	5
3291	5
3292	5
3293	5
3294	5
3295	5
3296	5
3297	5
3298	5
3299	2
3300	2
3301	2
3302	2
3303	0
3304	0
3305	0
3306	15
3307	15
3308	15
3309	15
3310	15
3311	15
3312	15
3313	15
3314	2
3315	2
3316	9
3317	9
3318	9
3319	9
3320	9
3321	9
3322	9
3323	9
3324	9
3325	9
3326	9
3327	9
3328	9
3329	9
3330	9
3331	9
3332	9
3333	1
3334	1
3335	1
3336	1
3337	1
3338	1
3339	1
3340	0
3341	0
3342	0
3343	1
3344	1
3345	1
3346	1
3347	5
3348	5
3349	5
3350	5
3351	0
3352	
3353	
3354	
3355	
3356	
3357	
3358	
3359	
3360	
3361	
3362	
3363	
3364	
3365	
3366	
3367	
3368	
3369	
3370	
3371	
3372	
3373	
3374	
3375	
3376	
3377	
3378	
3379	
3380	
3381	
3382	
3383	
3384	
3385	
3386	
3387	
3388	
3389	
3390	
3391	
3392	
3393	
3394	
3395	
3396	
3397	
3398	
3399	
3400	
3401	
3402	
3403	
3404	
3405	
3406	
3407	
3408	
3409	
3410	
3411	
3412	
3413	
3414	
3415	
3416	
3417	
3418	
3419	
3420	
3421	
3422	
3423	
3424	
3425	
3426	
3427	
3428	
3429	
3430	
3431	
3432	
3433	
3434	
3435	
3436	
3437	
3438	
3439	
3440	
3441	
3442	
3443	
3444	
3445	
3446	
3447	
3448	
3449	
3450	
3451	
3452	
3453	
3454	
3455	
3456	
3457	
3458	
3459	
3460	
3461	
3462	
3463	
3464	
3465	
3466	
3467	
3468	
3469	
3470	
3471	
3472	
3473	
3474	
3475	
3476	
3477	
3478	
3479	
3480	
3481	
3482	
3483	
3484	
3485	
3486	
3487	
3488	
3489	
3490	
3491	
3492	
3493	
3494	
3495	
3496	
3497	
3498	
3499	
3500	
3501	
3502	
3503	
3504	
3505	
3506	
3507	
3508	
3509	
3510	
3511	
3512	
3513	
3514	
3515	
3516	
3517	
3518	
3519	
3520	
3521	
3522	
3523	
3524	
3525	
3526	
3527	
3528	
3529	
3530	
3531	
3532	
3533	
3534	
3535	
3536	
3537	
3538	
3539	
3540	
3541	
3542	
3543	
3544	
3545	
3546	
3547	
3548	
3549	
3550	
3551	
3552	
3553	
3554	
3555	
3556	
3557	
3558	
3559	
3560	
3561	
3562	
3563	
3564	
3565	
3566	
3567	
3568	
3569	
3570	
3571	
3572	
3573	
3574	
3575	
3576	
3577	
3578	
3579	
3580	
3581	
3582	
3583	
3584	
3585	
3586	
3587	
3588	
3589	
3590	
3591	
3592	
3593	
3594	
3595	
3596	
3597	
3598	
3599	
3600	
3601	
3602	
3603	
3604	
3605	
3606	
3607	
3608	
3609	
3610	
3611	
3612	
3613	
3614	
3615	
3616	
3617	
3618	
3619	
3620	
3621	
3622	
3623	
3624	
3625	
3626	
3627	
3628	
3629	
3630	
3631	
3632	
3633	
3634	
3635	
3636	
3637	
3638	
3639	
3640	
3641	
3642	
3643	
3644	
3645	
3646	
3647	
3648	
3649	
3650	
3651	
3652	
3653	
3654	
3655	
3656	
3657	
3658	
3659	
3660	
3661	
3662	
3663	
3664	
3665	
3666	
3667	
3668	
3669	
3670	
3671	
3672	
3673	
3674	
3675	
3676	
3677	
3678	
3679	
3680	
3681	
3682	
3683	
3684	
3685	
3686	
3687	
3688	
3689	
3690	
3691	
3692	
3693	
3694	
3695	
3696	
3697	
3698	
3699	
3700	
3701	
3702	
3703	
3704	
3705	
3706	
3707	
3708	
3709	
3710	
3711	
3712	
3713	
3714	
3715	
3716	
3717	
3718	
3719	
3720	
3721	
3722	
3723	
3724	
3725	
3726	
3727	
3728	
3729	
3730	
3731	
3732	
3733	
3734	
3735	
3736	
3737	
3738	
3739	
3740	
3741	
3742	
3743	
3744	
3745	
3746	
3747	
3748	
3749	
3750	
3751	
3752	
3753	
3754	
3755	
3756	
3757	
3758	
3759	
3760	
3761	
3762	
3763	
3764	
3765	
3766	
3767	
3768	
3769	
3770	
3771	
3772	
3773	
3774	
3775	
3776	
3777	
3778	
3779	
3780	
3781	
3782	
3783	
3784	
3785	
3786	
3787	
3788	
3789	
3790	
3791	
3792	
3793	
3794	
3795	
3796	
3797	
3798	
3799	
3800	
3801	
3802	
3803	
3804	
3805	
3806	
3807	
3808	
3809	
3810	
3811	
3812	
3813	
3814	
3815	
3816	
3817	
3818	
3819	
3820	
3821	
3822	
3823	
3824	
3825	
3826	
3827	
3828	
3829	
3830	
3831	
3832	
3833	
3834	
3835	
3836	
3837	
3838	
3839	
3840	
3841	
3842	
3843	
3844	
3845	
3846	
3847	
3848	
3849	
3850	
3851	
3852	
3853	
3854	
3855	
3856	
3857	
3858	
3859	
3860	
3861	
3862	
3863	
3864	
3865	
3866	
3867	
3868	
3869	
3870	
3871	
3872	
3873	
3874	
3875	
3876	
3877	
3878	
3879	
3880	
3881	
3882	
3883	
3884	
3885	
3886	
3887	
3888	
3889	
3890	
3891	
3892	
3893	
3894	
3895	
3896	
3897	
3898	
3899	
3900	
3901	
3902	
3903	
3904	
3905	
3906	
3907	
3908	
3909	
3910	
3911	
3912	
3913	
3914	
3915	
3916	
3917	
3918	
3919	
3920	
3921	
3922	
3923	
3924	
3925	
3926	
3927	
3928	
3929	
3930	
3931	
3932	
3933	
3934	
3935	
3936	
3937	
3938	
3939	
3940	
3941	
3942	
3943	
3944	
3945	
3946	
3947	
3948	
3949	
3950	
3951	
3952	
3953	
3954	
3955	
3956	
3957	
3958	
3959	
3960	
3961	
3962	
3963	
3964	
3965	
3966	
3967	
3968	
3969	
3970	
3971	
3972	
3973	
3974	
3975	
3976	
3977	
3978	
3979	
3980	
3981	
3982	
3983	
3984	
3985	
3986	
3987	
3988	
3989	
3990	
3991	
3992	
3993	
3994	
3995	
3996	
3997	
3998	
3999	
4000	
4001	
4002	
4003	
4004	
4005	
4006	
4007	
4008	
4009	
4010	
4011	
4012	
4013	
4014	
4015	
4016	
4017	
4018	
4019	
4020	
4021	
4022	
4023	
4024	
4025	
4026	
4027	
4028	
4029	
4030	
4031	
4032	
4033	
4034	
4035	
4036	
4037	
4038	
4039	
4040	
4041	
4042	
4043	
4044	
4045	
4046	
4047	
4048	
4049	
4050	
4051	
4052	
4053	
4054	
4055	
4056	
4057	
4058	
4059	
4060	
4061	
4062	
4063	
4064	
4065	
4066	
4067	
4068	
4069	
4070	
4071	
4072	
4073	
4074	
4075	
4076	
4077	
4078	
4079	
4080	
4081	
4082	
4083	
4084	
4085	
4086	
4087	
4088	
4089	
4090	
4091	
4092	
4093	
4094	
4095	
4096	
4097	
4098	
4099	
4100	
4101	
4102	
4103	
4104	
4105	
4106	
4107	
4108	
4109	
4110	
4111	
4112	
4113	
4114	
4115	
4116	
4117	
4118	
4119	
4120	
4121	
4122	
4123	
4124	
4125	
4126	
4127	
4128	
4129	
4130	
4131	
4132	
4133	
4134	
4135	
4136	
4137	
4138	
4139	
4140	
4141	
4142	
4143	
4144	
4145	
4146	
4147	
4148	
4149	
4150	
4151	
4152	
4153	
4154	
4155	
4156	
4157	
4158	
4159	
4160	
4161	
4162	
4163	
4164	
4165	
4166	
4167	
4168	
4169	
4170	
4171	
4172	
4173	
4174	
4175	
4176	
4177	
4178	
4179	
4180	
4181	
4182	
4183	
4184	
4185	
4186	
4187	
4188	
4189	
4190	
4191	
4192	
4193	
4194	
4195	
4196	
4197	
4198	
4199	
4200	
4201	
4202	
4203	
4204	
4205	
4206	
4207	
4208	
4209	
4210	
4211	
4212	
4213	
4214	
4215	
4216	
4217	
4218	
4219	
4220	
4221	
4222	
4223	
4224	
4225	
4226	
4227	
4228	
4229	
4230	
4231	
4232	
4233	
4234	
4235	
4236	
4237	
4238	
4239	
4240	
4241	
4242	
4243	
4244	
4245	
4246	
4247	
4248	
4249	
4250	
4251	
4252	
4253	
4254	
4255	
4256	
4257	
4258	
4259	
4260	
4261	
4262	
4263	
4264	
4265	
4266	
4267	
4268	
4269	
4270	
4271	
4272	
4273	
4274	
4275	
4276	
4277	
4278	
4279	
4280	
4281	
4282	
4283	
4284	
4285	
4286	
4287	
4288	
4289	
4290	
4291	
4292	
4293	
4294	
4295	
4296	
4297	
4298	
4299	
4300	
4301	
4302	
4303	
4304	
4305	
4306	
4307	
4308	
4309	
4310	
4311	
4312	
4313	
4314	
4315	
4316	
4317	
4318	
4319	
4320	
4321	
4322	
4323	
4324	
4325	
4326	
4327	
4328	
4329	
4330	
4331	
4332	
4333	
4334	
4335	
4336	
4337	
4338	
4339	
4340	
4341	
4342	
4343	
4344	
4345	
4346	
4347	
4348	
4349	1
4350	2
4351	2
4352	2
4353	2
4354	2
4355	4
4356	6
4357	2
4358	7
4359	8
4360	8
4361	11
4362	2
4363	2
4364	4
4365	2
4366	3
4367	0
4368	4
4369	4
4370	4
4371	4
4372	4
4373	4
4374	4
4375	4
4376	4
4377	5
4378	4
4379	5
4380	5
4381	4
4382	5
4383	5
4384	5
4385	6
4386	4
4387	7
4388	4
4389	4
4390	2
4391	3
4392	4
4393	4
4394	4
4395	4
4396	11
4397	12
4398	20
4399	17
4400	1
4401	2
4402	2
4403	3
4404	1
4405	9
4406	7
4407	7
4408	6
4409	8
4410	8
4411	8
4412	9
4413	0
4414	0
4415	3
4416	2
4417	4
4418	3
4419	3
4420	7
4421	7
4422	7
4423	7
4424	6
4425	7
4426	1
4427	1
4428	1
4429	1
4430	6
4431	4
4432	6
4433	6
4434	8
4435	13
4436	10
4437	5
4438	6
4439	4
4440	4
4441	3
4442	3
4443	5
4444	6
4445	6
4446	6
4447	8
4448	8
4449	18
4450	12
4451	12
4452	16
4453	5
4454	4
4455	5
4456	5
4457	6
4458	3
4459	3
4460	6
4461	2
4462	2
4463	2
4464	3
4465	1
4466	1
4467	1
4468	2
4469	7
4470	12
4471	6
4472	6
4473	6
4474	2
4475	2
4476	2
4477	4
4478	4
4479	7
4480	7
4481	5
4482	5
4483	3
4484	3
4485	3
4486	3
4487	3
4488	4
4489	5
4490	7
4491	7
4492	6
4493	5
4494	5
4495	4
4496	7
4497	7
4498	2
4499	2
4500	2
4501	8
4502	4
4503	2
4504	2
4505	4
4506	4
4507	6
4508	6
4509	25
4510	25
4511	25
4512	25
4513	25
4514	25
4515	25
4516	25
4517	2
4518	2
4519	2
4520	4
4521	4
4522	4
4523	3
4524	3
4525	1
4526	1
4527	5
4528	5
4529	4
4530	4
4531	3
4532	3
4533	0
4534	0
4535	0
4536	1
4537	0
4538	0
4539	3
4540	6
4541	1
4542	1
4543	1
4544	1
4545	1
4546	2
4547	2
4548	4
4549	4
4550	4
4551	17
4552	19
4553	2
4554	4
4555	13
4556	15
4557	21
4558	11
4559	8
4560	3
4561	2
4562	2
4563	2
4564	2
4565	4
4566	4
4567	4
4568	3
4569	0
4570	0
4571	1
4572	1
4573	6
4574	3
4575	3
4576	4
4577	4
4578	4
4579	7
4580	7
4581	9
4582	12
4583	12
4584	14
4585	3
4586	3
4587	3
4588	4
4589	12
4590	12
4591	2
4592	2
4593	2
4594	2
4595	4
4596	4
4597	6
4598	6
4599	11
4600	7
4601	7
4602	8
4603	4
4604	5
4605	5
4606	2
4607	2
4608	2
4609	2
4610	2
4611	3
4612	3
4613	
4614	
4615	
4616	
4617	
4618	
4619	
4620	3
4621	1
4622	
4623	1
4624	
4625	
4626	
4627	
4628	
4629	
4630	
4631	2
4632	
4633	
4634	
4635	
4636	2
4637	
4638	
4639	
4640	1
4641	
4642	
4643	1
4644	
4645	2
4646	
4647	
4648	1
4649	
4650	
4651	
4652	2
4653	
4654	
4655	
4656	
4657	
4658	3
4659	1
4660	
4661	
4662	
4663	
4664	
4665	
4666	
4667	
4668	
4669	
4670	1
4671	
4672	
4673	
4674	
4675	
4676	2
4677	
4678	
4679	
4680	
4681	
4682	
4683	
4684	2
4685	
4686	2
4687	1
4688	
4689	
4690	
4691	
4692	1
4693	
4694	
4695	
4696	
4697	
4698	
4699	2
4700	
4701	
4702	
4703	
4704	
4705	2
4706	1
4707	
4708	
4709	
4710	
4711	3
4712	
4713	
4714	
4715	1
4716	2
4717	1
4718	
4719	
4720	
4721	
4722	
4723	
4724	
4725	
4726	
4727	
4728	
4729	
4730	1
4731	
4732	1
4733	
4734	
4735	
4736	
4737	
4738	3
4739	1
4740	3
4741	
4742	
4743	
4744	
4745	
4746	1
4747	3
4748	5
4749	
4750	
4751	1
4752	3
4753	1
4754	4
4755	
4756	1
4757	
4758	1
4759	1
4760	
4761	
4762	
4763	2
4764	
4765	
4766	1
4767	3
4768	
4769	
4770	1
4771	1
4772	
4773	1
4774	
4775	2
4776	1
4777	1
4778	1
4779	1
4780	
4781	6
4782	
4783	
4784	3
4785	
4786	2
4787	1
4788	2
4789	
4790	
4791	
4792	6
4793	1
4794	5
4795	
4796	
4797	6
4798	1
4799	
4800	2
4801	
4802	1
4803	
4804	4
4805	1
4806	
4807	
4808	
4809	1
4810	1
4811	3
4812	
4813	
4814	
4815	1
4816	3
4817	
4818	
4819	3
4820	1
4821	5
4822	
4823	2
4824	2
4825	1
4826	1
4827	2
4828	
4829	
4830	1
4831	
4832	
4833	2
4834	
4835	
4836	3
4837	
4838	1
4839	
4840	
4841	2
4842	10
4843	
4844	
4845	1
4846	1
4847	
4848	
4849	
4850	
4851	
4852	1
4853	
4854	
4855	
4856	3
4857	
4858	
4859	
4860	
4861	2
4862	4
4863	
4864	4
4865	3
4866	
4867	
4868	
4869	
4870	1
4871	3
4872	
4873	
4874	5
4875	
4876	
4877	
4878	
4879	
4880	1
4881	1
4882	
4883	
4884	
4885	6
4886	
4887	2
4888	
4889	
4890	
4891	
4892	
4893	
4894	
4895	1
4896	2
4897	1
4898	3
4899	
4900	1
4901	
4902	2
4903	
4904	
4905	
4906	2
4907	2
4908	
4909	
4910	2
4911	
4912	1
4913	2
4914	
4915	
4916	3
4917	
4918	
4919	3
4920	
4921	
4922	
4923	
4924	6
4925	12
4926	7
4927	
4928	2
4929	3
4930	
4931	7
4932	2
4933	
4934	
4935	4
4936	6
4937	1
4938	
4939	1
4940	3
4941	1
4942	2
4943	
4944	1
4945	5
4946	
4947	
4948	1
4949	
4950	
4951	
4952	
4953	1
4954	
4955	2
4956	
4957	
4958	
4959	
4960	10
4961	2
4962	2
4963	1
4964	3
4965	2
4966	3
4967	2
4968	
4969	3
4970	
4971	
4972	
4973	1
4974	5
4975	
4976	
4977	
4978	1
4979	
4980	1
4981	
4982	1
4983	1
4984	1
4985	1
4986	1
4987	1
4988	4
4989	2
4990	3
4991	1
4992	
4993	
4994	
4995	
4996	
4997	
4998	1
4999	1
5000	
5001	
5002	1
5003	
5004	
5005	2
5006	3
5007	
5008	2
5009	
5010	
5011	
5012	6
5013	
5014	2
5015	1
5016	5
5017	
5018	2
5019	
5020	
5021	2
5022	1
5023	
5024	
5025	
5026	2
5027	
5028	
5029	2
5030	2
5031	
5032	1
5033	3
5034	2
5035	
5036	
5037	
5038	1
5039	
5040	1
5041	
5042	
5043	4
5044	2
5045	
5046	1
5047	
5048	
5049	
5050	
5051	
5052	
5053	
5054	
5055	
5056	
5057	
5058	
5059	
5060	
5061	
5062	
5063	
5064	
5065	
5066	
5067	
5068	
5069	
5070	
5071	
5072	
5073	
5074	
5075	
5076	
5077	
5078	
5079	
5080	
5081	
5082	
5083	
5084	
5085	
5086	
5087	
5088	
5089	
5090	
5091	
5092	
5093	
5094	
5095	
5096	
5097	
5098	
5099	
5100	
5101	
5102	
5103	
5104	
5105	
5106	
5107	
5108	
5109	
5110	
5111	
5112	
5113	
5114	
5115	
5116	
5117	
5118	
5119	
5120	
5121	
5122	
5123	
5124	
5125	
5126	
5127	
5128	
5129	
5130	
5131	
5132	
5133	
5134	
5135	
5136	
5137	
5138	
5139	
5140	
5141	
5142	
5143	
5144	
5145	
5146	
5147	
5148	
5149	
5150	
5151	
5152	
5153	
5154	
5155	
5156	
5157	
5158	
5159	
5160	
5161	
5162	
5163	
5164	
5165	
5166	
5167	
5168	
5169	
5170	
5171	
5172	
5173	
5174	
5175	
5176	
5177	
5178	
5179	
5180	
5181	
5182	
5183	
5184	
5185	
5186	
5187	
5188	
5189	
5190	
5191	
5192	
5193	
5194	
5195	
5196	
5197	
5198	
5199	
5200	
5201	
5202	
5203	
5204	
5205	
5206	
5207	
5208	
5209	
5210	
5211	
5213	
5214	
5215	
5216	
5217	
5218	
5219	
5220	
5221	
5222	
5223	
5224	
5225	
5226	
5227	
5228	
5229	
5230	
5231	
5232	
5233	
5234	
5235	
5236	
5237	
5238	
5239	
5240	
5241	
5242	
5243	
5244	
5245	
5246	
5247	
5248	
5249	
5250	
5251	
5252	
5253	
5254	
5255	
5256	
5257	
5258	
5259	
5260	
5261	
5262	
5263	
5264	
5265	
5266	
5267	
5268	
5269	
5270	
5271	
5272	
5273	
5274	
5275	
5276	
5277	
5278	
5279	
5280	
5281	
5282	
5283	
5284	
5285	
5286	
5287	
5288	
5289	
5290	
5291	
5292	
5293	
5294	
5295	
5296	
5297	
5298	
5299	
5300	
5301	
5302	
5303	
5304	
5305	
5306	
5307	
5308	
5309	
5310	
5311	
5312	
5313	
5314	
5315	
5316	
5317	
5318	
5319	
5320	
5321	
5322	
5323	
5324	
5325	
5326	
5327	
5328	
5329	
5330	
5331	
5332	
5333	
5334	
5335	
5336	
5337	
5338	
5339	
5340	
5341	
5342	
5343	
5344	
5345	
5346	
5347	
5348	
5349	
5350	
5351	
5352	
5353	
5354	
5355	
5356	
5357	
5358	
5359	
5360	
5361	
5362	
5363	
5364	
5365	
5366	
5367	
5368	
5369	
5370	
5373	
5374	
5375	
5376	
5377	
5378	
5379	
5380	
5381	
5382	
5383	
5384	
5385	
5386	
5387	
5388	
5389	
5390	
5391	
5392	
5393	
5394	
5395	
5396	
5397	
5398	
5399	
5400	
5401	
5402	
5403	
5404	
5406	
5407	
5408	
5409	
5410	
5411	
5476	
5477	
5478	
5479	
5480	
5481	
5482	
5483	
5484	
5485	
5486	
5491	
5492	
5493	
5494	
5495	
5496	
5497	
5498	
5517	
5518	
5519	
5520	
5521	
5522	
5523	
5524	
5525	
5526	
5527	
5528	
5529	
5530	
5538	
5552	
5569	
5583	
5585	
5586	
5587	
5588	
5589	
5603	
5604	
5605	
5606	
5607	
5608	
5659	
5660	
5661	
5662	
5663	
5664	
5665	
5666	
5667	
5668	
5669	
5670	
5671	
5672	
5673	
5674	
5675	
5676	
5677	
5678	
5679	
5680	
5681	
5682	
5683	
5684	
5685	
5686	
5687	
5688	
5689	
5690	
5691	
5692	
5693	
5694	
5695	
5696	
5697	
5698	
5699	
5700	
5701	
5702	
5703	
5704	
5705	
5706	
5707	
5708	
5709	
5710	
5711	
5712	
5713	
5714	
5716	
5717	
5718	
5719	
5720	
5721	
5722	
5723	
5730	
5731	
5732	
5733	
5734	
5735	
5736	
5737	
5738	
5739	
5740	
5741	
5742	
5743	
5744	
5745	
5746	
5747	
5748	
5749	
5750	
5751	
5752	
5753	
5754	
5755	
5756	
5757	
5758	
5759	
5760	
5761	
5762	
5763	
5764	
5765	
5766	
5767	
5768	
5769	
5770	
5771	
5772	
5773	
5774	
5775	
5776	
5777	
5778	
5779	
5780	
5781	
5782	
5783	
5784	
5785	
5786	
5787	
5788	
5789	
5790	
5791	
5792	
5793	
5794	
5795	
5796	
5797	
5798	
5799	
5800	
5801	
5802	
5803	
5804	
5805	
5806	
5807	
5808	
5809	
5810	
5811	
5812	
5813	
5814	
5815	
5816	
5817	
5818	
5819	
5820	
5821	
5822	
5823	
5824	
5825	
5826	
5827	
5828	
5829	
5830	
5831	
5832	
5833	
5834	
5835	
5836	
5837	
5838	
5839	
5840	
5841	
5842	
5843	
5844	
5845	
5846	
5847	
5848	
5849	
5850	
5851	
5852	
5853	
5854	
5855	
5856	
5857	
5858	
5859	
5860	
5861	
5862	
5863	
5864	
5865	
5866	
5867	
5868	
5869	
5870	
5871	
5872	
5873	
5874	
5875	
5876	
5877	
5878	
5879	
5880	
5881	
5882	
5883	
5884	
5885	
5886	
5887	
5888	
5889	
5890	
5891	
5892	
5893	
5894	
5895	
5896	
5897	
5898	
5899	
5900	
5901	
5902	
5903	
5904	
5905	
5906	
5907	
5908	
5909	
5910	
5911	
5912	
5913	
5914	
5915	
5916	
5917	
5918	
5919	
5920	
5921	
5922	
5923	
5924	
5925	
5926	
5927	
5928	
5929	
5930	
5931	
5932	
5933	
5934	
5935	
5937	
5938	
5939	
5940	
5941	
5942	
5943	
5944	
5945	
5946	
5947	
5948	
5949	
5950	
5951	
5952	
5953	
5954	
5955	
5956	
5957	
5958	
5959	
5960	
5961	
5962	
5963	
5964	
5965	
5966	
5967	
5968	
5969	
5970	
5971	
5972	
5973	
5974	
5976	
5977	
5978	
5979	
5980	
5981	
5982	
5983	
5984	
5985	
5986	
5987	
5988	
5989	
5990	
5991	
5992	
5993	
5994	
5995	
5996	
5997	
5998	
5999	
6000	
6001	
6002	
6003	
6004	
6005	
6006	
6007	
6008	
6009	
6010	
6011	
6012	
6013	
6014	
6015	
6016	
6017	
6018	
6019	
6020	
6021	
6022	
6023	
6024	
6025	
6026	
6027	
6028	
6029	
6030	
6031	
6032	
6033	
6034	
6035	
6036	
6037	
6038	
6039	
6040	
6041	
6042	
6043	
6044	
6045	
6046	
6047	
6048	
6049	
6050	
6051	
6052	
6053	
6054	
6055	
6056	
6057	
6058	
6059	
6060	
6061	
6062	
6063	
6064	
6065	
6066	
6067	
6068	
6069	
6070	
6071	
6072	
6073	
6074	
6075	
6076	
6077	
6078	
6079	
6080	
6081	
6082	
6083	
6084	
6085	
6086	
6087	
6088	
6089	
6090	
6091	
6092	
6093	
6094	
6095	
6096	
6097	
6098	
6099	
6100	
6101	
6102	
6103	
6104	
6105	
6106	
6107	
6108	
6109	
6110	
6111	
6112	
6113	
6114	
6115	
6116	
6117	
6118	
6119	
6120	
6121	
6122	
6123	
6124	
6125	
6126	
6127	
6128	
6129	
6130	
6131	
6132	
6133	
6134	
6135	
6136	
6137	
6138	
6139	
6140	
6141	
6142	
6143	
6144	
6145	
6146	
6147	
6148	
6149	
6150	
6151	
6152	
6153	
6154	
6155	
6156	
6157	
6158	
6159	
6160	
6161	
6162	
6163	
6164	
6165	
6166	
6167	
6168	
6169	
6170	
6171	
6172	
6173	
6174	
6175	
6176	
6177	
6178	
6179	
6180	
6181	
6182	
6183	
6184	
6185	
6186	
6187	
6188	
6189	
6190	
6191	
6192	
6193	
6194	
6195	
6196	
6197	
6198	
6199	
6200	
6201	
6202	
6203	
6204	
6205	
6206	
6207	
6208	
6209	
6210	
6211	
6212	
6213	
6214	
6215	
6216	
6217	
6218	
6219	
6220	
6221	
6222	
6223	
6224	
6225	
6226	
6227	
6228	
6229	
6230	
6231	
6232	
6233	
6234	
6235	
6236	
6237	
6238	
6239	
6240	
6241	
6242	
6243	
6244	
6245	
6246	
6247	
6248	
6249	
6250	
6251	
6252	
6253	
6254	
6255	
6256	
6257	
6258	
6259	
6260	
6261	
6262	
6263	
6264	
6265	
6266	
6267	
6268	
6270	
6271	
6273	
6275	
6276	
6277	
6278	
6279	
6280	
6281	
6282	
6283	
6284	
6285	
6286	
6287	
6288	
6289	
6290	
6291	
6292	
6293	
6294	
6295	
6296	
6297	
6298	
6299	
6300	
6301	
6302	
6303	
6304	
6305	
6306	
6307	
6308	
6309	
6310	
6311	
6312	
6313	
6314	
6315	
6316	
6317	
6318	
6319	
6320	
6321	
6322	
6323	
6324	
6325	
6326	
6327	
6328	
6329	
6330	
6331	
6332	
6333	
6334	
6335	
6336	
6337	
6338	
6339	
6340	
6341	
6342	
6343	
6344	
6345	
6346	
6347	
6348	
6349	
6350	
6351	
6352	
6353	
6354	
6355	
6356	
6357	
6358	
6359	
6360	
6361	
6362	
6363	
6364	
6365	
6366	
6367	
6368	
6369	
6370	
6371	
6372	
6373	
6374	
6375	
6376	
6377	
6378	
6379	
6380	
6381	
6382	
6383	
6385	
6386	
6387	
6388	
6389	
6390	
6391	
6392	
6393	
6394	
6395	
6396	
6397	
6398	
6399	
6400	
6401	
6402	
6403	
6404	
6405	
6406	
6407	
6408	
6409	
6410	
6411	
6412	
6413	
6414	
6415	
6416	
6417	
6418	
6419	
6420	
6421	
6422	
6423	
6424	
6425	
6426	
6427	
6428	
6429	
6430	
6431	
6432	
6433	
6434	
6435	
6436	
6437	
6438	
6439	
6440	
6441	
6442	
6443	
6444	
6445	
6446	
6447	
6448	
6449	
6450	
6451	
6452	
6453	
6454	
6455	
6456	
6457	
6458	
6459	
6460	
6461	
6462	
6463	
6464	
6465	
6466	
6467	
6468	
6469	
6470	
6471	
6472	
6473	
6474	
6475	
6476	
6477	
6478	
6479	
6480	
6481	
6482	
6483	
6484	
6485	
6486	
6487	
6488	
6489	
6490	
6491	
6492	
6493	
6494	
6495	
6496	
6497	
6498	
6499	
6500	
6501	
6502	
6503	
6504	
6505	
6506	
6507	
6508	
6509	
6510	
6511	
6512	
6513	
6514	
6515	
6516	
6517	
6518	
6519	
6520	
6521	
6522	
6523	
6524	
6525	
6526	
6527	
6528	
6529	
6530	
6531	
6532	
6533	
6534	
6535	
6536	
6537	
6538	
6539	
6540	
6541	
6542	
6543	
6544	
6545	
6546	
6547	
6548	
6549	
6550	
6551	
6552	
6553	
6554	
6555	
6556	
6557	
6558	
6559	
6560	
6561	
6562	
6563	
6564	
6565	
6566	
6567	
6568	
6569	
6570	
6571	
6572	
6573	
6574	
6575	
6576	
6577	
6578	
6579	
6580	
6581	
6582	
6583	
6584	
6585	
6586	
6587	
6588	
6589	
6590	
6591	
6592	
6593	
6594	
6595	
6596	
6597	
6598	
6599	
6600	
6601	
6602	
6603	
6604	
6605	
6606	
6607	
6608	
6609	
6610	
6611	
6612	
6613	
6614	
6615	
6616	
6617	
6618	
6619	
6620	
6621	
6623	
6624	
6625	
6626	
6627	
6628	
6629	
6630	
6631	
6632	
6633	
6634	
6635	
6636	
6637	
6638	
6639	
6640	
6641	
6642	
6643	
6644	
6645	
6646	
6647	
6648	
6649	
6650	
6651	
6652	
6653	
6654	
6655	
6656	
6657	
6658	
6659	
6660	
6661	
6662	
6663	
6664	
6665	
6666	
6667	
6668	
6669	
6670	
6671	
6672	
6673	
6674	
6675	
6676	
6677	
6678	
6679	
6680	
6681	
6682	
6683	
6684	
6685	
6686	
6687	
6689	
6690	
6691	
6692	
6693	
6694	
6695	
6696	
6697	
6698	
6699	
6700	
6701	
6702	
6703	
6704	
6705	
6706	
6707	
6708	
6709	
6710	
6711	
6712	
6713	
6714	
6715	
6716	
6717	
6718	
6719	
6720	
6721	
6722	
6723	
6724	
6725	
6726	
6727	
6728	
6729	
6730	
6731	
6732	
6733	
6734	
6735	
6736	
6737	
6738	
